0.670248
0.735816
0.817929
0.809665
0.772499
0.786213
0.788044
0.746448
0.780572
0.835579
0.801059
0.817433
0.763336
0.806223
0.86697
0.76703
0.839571
0.726988
0.756142
0.818685
0.75926
0.841059
0.782128
0.780865
0.77699
0.711642
0.759348
0.824928
0.755151
0.775664
0.810004
0.763876
0.745025
0.790176
0.743957
0.799777
0.744278
0.792325
0.745079
0.702157
0.741757
0.768594
0.716634
0.766688
0.816603
0.75344
0.757745
0.770568
0.79877
0.839489
0.801898
0.815155
0.772902
0.768465
0.775025
0.784184
0.810116
0.808162
0.807549
0.803324
0.703619
0.807298
0.800172
0.77493
0.780173
0.855994
0.743842
0.743825
0.736193
0.79917
0.788823
0.789794
0.719193
0.802256
0.784106
0.793717
0.738762
0.818704
0.817755
0.811269
0.779794
0.798321
0.820753
0.808686
0.759869
0.808927
0.761504
0.759416
0.818728
0.777097
0.76254
0.797524
0.7709
0.72432
0.765952
0.754955
0.79214
0.745566
0.764257
0.763372
